4294967278,352
4294967278,433
4294967279,562
4294967279,295
4294967279,349
4294967294,1016
4294967279,347
4294967278,299
4294967279,521
5124,6
5124,5
5124,4
5124,3
5124,2
5124,1
4294967294,177
4294967294,394
4294967278,391
4294967279,243
4294967278,431
4294967294,1005
5121,6
5121,5
5121,4
5121,3
5121,2
5121,1
4294967278,430
4294967278,293
4294967278,216
4294967278,427
4294967278,212
4294967278,208
4294967279,345
4294967278,388
5118,5
5118,4
5118,3
5118,2
5118,1
4294967278,426
4294967279,311
5116,6
5116,5
5116,4
5116,3
5116,2
5116,1
4294967278,290
4294967278,155
5113,6
5113,5
5113,4
5113,3
5113,2
5113,1
4294967279,534
4294967294,1414
4294967294,173
5110,6
5110,5
5110,4
5110,3
5110,2
5110,1
4294967294,497
5107,4
5107,3
5107,2
5107,1
5106,4
5106,3
5106,2
5106,1
4294967279,226
4294967294,392
5105,6
5105,5
5105,4
5105,3
5105,2
5105,1
4294967294,496
4294967279,527
5104,5
5104,4
5104,3
5104,2
5104,1
5103,4
5103,3
5103,2
5103,1
4294967278,222
4294967294,420
4294967294,463
4294967294,450
4294967294,468
4294967278,423
4294967279,313
4294967278,422
4294967278,338
3212,3
4294967278,301
4294967293,131
4294967293,130
4294967293,129
4294967293,128
4294967293,127
4294967293,126
4294967293,125
4294967293,124
4294967293,123
4294967293,122
4294967293,121
4294967293,120
4294967293,119
4294967293,118
4294967293,117
4294967293,116
4294967293,115
4294967293,114
4294967293,113
4294967293,112
4294967293,111
4294967293,110
4294967293,109
4294967293,108
4294967293,107
4294967293,106
4294967293,105
4294967293,104
4294967293,103
4294967293,102
4294967293,101
4294967293,100
4294967293,99
4294967293,98
4294967293,97
4294967293,96
4294967293,95
4294967293,94
4294967293,93
4294967293,92
4294967293,91
4294967293,90
4294967293,89
4294967293,87
4294967293,86
4294967293,85
4294967293,84
4294967293,83
4294967293,82
4294967293,81
4294967293,80
4294967293,79
4294967293,78
4294967293,77
4294967293,76
4294967293,75
4294967293,74
4294967293,73
4294967293,72
4294967293,71
4294967293,70
4294967293,69
4294967293,68
4294967293,67
4294967293,66
4294967293,65
4294967293,64
4294967293,63
4294967293,62
4294967293,61
4294967293,60
4294967293,59
4294967293,58
4294967293,57
4294967293,56
4294967293,55
4294967293,54
4294967293,53
4294967293,52
4294967293,51
4294967293,50
4294967293,49
4294967293,48
4294967293,47
4294967293,46
4294967293,45
4294967293,44
4294967293,43
4294967293,42
4294967293,41
4294967293,40
4294967293,39
4294967293,38
4294967293,37
4294967293,36
4294967293,35
4294967293,34
4294967293,33
4294967293,32
4294967293,31
4294967293,30
4294967293,29
4294967293,28
4294967293,27
4294967293,26
4294967293,25
4294967293,24
4294967293,23
4294967293,22
4294967293,21
4294967293,20
4294967293,19
4294967293,18
4294967293,17
4294967293,16
4294967293,15
4294967293,14
4294967293,13
4294967293,12
4294967293,11
4294967293,10
4294967293,9
4294967293,8
4294967293,7
4294967293,6
4294967293,5
4294967293,4
4294967293,3
4294967278,394
4294967278,353
4294967278,289
4294967278,60
4294967278,57
4294967278,55
4294967278,54
4294967278,52
4294967278,51
4294967278,46
4294967278,44
4294967278,43
4294967278,42
4294967278,41
4294967278,39
4294967278,38
4294967278,37
4294967278,36
4294967278,35
4294967278,34
4294967278,33
4294967278,32
4294967278,31
4294967278,30
4294967278,29
4294967278,28
4294967278,27
4294967278,26
4294967278,25
4294967278,24
4294967278,23
4294967278,22
4294967278,21
4294967278,20
4294967278,19
4294967278,18
4294967278,17
4294967278,16
4294967278,15
4294967278,14
4294967278,13
4294967278,381
4294967278,12
4294967278,11
4294967278,10
4294967278,9
4294967278,8
4294967278,7
4294967278,6
4294967278,5
4294967278,4
4294967279,132
4294967279,131
4294967279,130
4294967279,129
4294967279,128
4294967279,127
4294967279,126
4294967279,125
4294967279,124
4294967279,123
4294967279,122
4294967279,121
4294967279,120
4294967279,119
4294967279,118
4294967279,117
4294967279,116
4294967279,115
4294967279,114
4294967279,113
4294967279,112
4294967279,111
4294967279,110
4294967279,109
4294967279,108
4294967279,107
4294967279,106
4294967279,105
4294967279,104
4294967279,103
4294967279,102
4294967279,101
4294967279,100
4294967279,99
4294967279,98
4294967279,97
4294967279,96
4294967279,95
4294967279,94
4294967279,93
4294967279,92
4294967279,91
4294967279,90
4294967279,89
4294967279,87
4294967279,86
4294967279,85
4294967279,83
4294967279,82
4294967279,79
4294967279,76
4294967279,74
4294967279,73
4294967279,67
4294967279,291
4294967279,65
4294967279,62
4294967279,57
4294967279,52
4294967279,51
4294967279,50
4294967279,292
4294967279,335
4294967278,347
4294967279,84
4294967278,275
4294967279,194
4294967278,421
4294967279,64
4294967279,63
0,5
4294967279,60
4294967279,222
4294967278,50
4294967278,59
4294967278,438
4294967278,420
4294967278,58
4294967279,58
4294967278,56
4294967279,56
4294967279,54
4294967278,53
5102,6
5102,5
5102,4
5102,3
5102,2
5102,1
4294967278,49
4294967294,5
4294967278,40
4294967278,48
4294967279,344
4294967279,48
4294967278,47
4294967294,46
4294967294,1
4294967278,45
4294967294,1097
4294967294,94
4294967294,93
4294967294,96
4294967294,95
4294967294,8
0,7
4294967294,2
4294967294,0
4294967294,45
4294967294,44
4294967294,53
4294967294,29
4294967294,28
4294967294,27
4294967294,90
4294967294,87
4294967294,84
4294967278,148
4294967294,1419
4294967294,7
4294967294,6
4294967294,22
4294967294,17
4294967294,42
4294967294,67
4294967294,36
4294967294,39
4294967294,1417
4294967294,416
4294967294,25
4294967294,26
4294967278,373
4294967278,418
5099,6
5099,5
5099,4
4294967279,138
5099,3
5099,2
5099,1
4294967279,279
4294967278,392
5096,5
5096,4
5096,3
5096,2
5096,1
4294967279,343
4294967279,550
4294967279,342
4294967279,250
4294967279,248
5094,6
5094,5
5094,4
5094,3
5094,2
5094,1
4294967278,375
4294967279,341
4294967279,338
5091,6
5091,5
5091,4
5091,3
5091,2
5091,1
4294967294,170
4294967294,1010
4294967278,303
4294967279,191
4294967294,168
4294967294,462
4294967294,409
4294967294,384
4294967294,456
4294967279,185
5088,6
5088,5
5088,4
5088,3
5088,2
5088,1
4294967278,233
4294967279,165
5085,4
5085,3
5085,2
5085,1
5084,4
5084,3
5084,2
5084,1
4294967279,563
5083,6
5083,5
5083,4
5083,3
5083,2
5083,1
4294967278,300
4294967279,329
5082,5
5082,4
5082,3
5082,2
5082,1
4294967278,231
4294967278,292
4294967279,268
4294967279,2
4294967279,246
4294967279,300
4294967279,522
4294967279,220
4294967279,252
4294967278,140
5081,4
5081,3
5081,2
5081,1
4294967279,336
4294967294,1008
4294967279,334
4294967278,414
4294967279,538
4294967278,281
4294967278,278
4294967278,258
4294967278,257
4294967279,333
4294967278,253
4294967294,1171
4294967294,1172
4294967294,415
4294967294,410
4294967278,408
4294967278,358
5080,6
5080,5
5080,4
5080,2
5080,1
4294967279,210
4294967279,328
4294967278,407
4294967279,267
5077,6
5077,5
5077,4
5077,2
5077,1
4294967294,1011
5074,5
5074,4
5074,3
5074,2
5074,1
4294967279,326
4294967278,158
5072,6
5072,5
5072,4
5072,3
5072,2
5072,1
4294967278,156
4294967279,366
4294967278,143
4294967278,311
4294967278,363
5069,6
5069,5
5069,4
5069,3
5069,2
5069,1
4294967279,256
4294967278,262
4294967278,366
5066,6
5066,5
5066,4
5066,2
5066,1
4294967278,246
4294967279,241
4294967294,386
4294967294,1012
4294967294,179
4294967294,1007
4294967278,226
5063,4
5063,3
5063,2
5063,1
5062,4
5062,3
5062,2
5062,1
5061,6
4294967294,402
4294967294,451
4294967294,464
4294967278,210
5061,5
5061,4
5061,3
5061,2
5061,1
4294967278,314
5060,5
5060,4
5060,3
5060,2
5060,1
4294967279,238
4294967279,197
5059,4
5059,3
5059,2
5059,1
4294967278,443
4294967279,278
4294967278,441
4294967278,294
4294967278,296
4294967279,530
4294967279,359
4294967278,334
4294967278,295
4294967278,445
4294967278,225
4294967278,411
4294967278,282
4294967278,368
4294967278,217
4294967278,279
4294967279,540
4294967279,528
4294967279,232
4294967278,171
4294967278,403
5058,6
5058,5
5058,4
5058,2
5058,1
4294967278,402
4294967278,321
4294967279,156
4294967279,137
4294967278,424
4294967278,270
5055,6
5055,5
5055,4
5055,2
5055,1
4294967279,319
4294967279,254
4294967278,350
4294967278,400
4294967278,250
4294967278,248
5052,5
5052,4
5052,3
5052,2
5052,1
4294967279,316
5050,6
5050,5
5050,4
5050,3
5050,2
5050,1
4294967279,203
4294967278,198
4294967279,315
4294967278,331
4294967279,383
4294967278,297
5047,6
5047,5
5047,4
5047,3
5047,2
5047,1
4294967279,371
4294967294,169
4294967294,399
4294967278,399
4294967279,314
4294967278,184
4294967278,440
4294967278,183
4294967278,439
4294967279,381
4294967279,180
4294967278,179
4294967279,179
4294967278,178
4294967279,573
4294967278,410
4294967279,369
4294967278,167
4294967278,166
4294967278,164
5044,6
4294967278,163
5044,5
5044,4
5044,2
5044,1
4294967279,159
4294967278,157
4294967278,397
4294967278,154
4294967279,153
4294967278,153
4294967278,152
4294967279,151
4294967279,147
5041,4
5041,3
5041,2
5041,1
5040,4
5040,3
5040,2
5040,1
4294967294,1015
4294967294,163
4294967279,140
4294967278,139
4294967278,138
5039,6
4294967278,134
4294967278,396
5039,5
5039,4
5039,3
5039,2
5039,1
4294967279,277
4294967278,274
5038,5
4294967278,269
5038,4
5038,3
5038,2
5038,1
5037,4
5037,3
5037,2
5037,1
4294967279,558
4294967278,341
4294967278,310
4294967294,1422
4294967279,531
4294967279,225
4294967278,224
4294967278,130
4294967278,128
4294967278,99
4294967278,89
4294967278,86
4294967278,78
4294967278,71
4294967278,64
4294967278,62
4294967278,61
4294967278,88
4294967279,78
4294967279,61
4294967279,47
4294967279,26
4294967279,24
4294967279,10
4294967278,103
4294967279,548
4294967279,88
4294967278,98
4294967278,209
4294967278,419
4294967294,448
4294967278,87
4294967278,389
4294967278,85
5036,6
5036,5
5036,4
5036,2
5036,1
4294967278,80
4294967279,190
4294967279,186
4294967279,177
4294967278,63
4294967278,172
5033,6
5033,5
4294967279,171
5033,4
5033,2
5033,1
4294967278,387
4294967279,166
4294967294,393
4294967278,255
4294967279,164
4294967278,162
4294967279,160
4294967279,152
4294967278,145
5030,5
5030,4
5030,3
5030,2
5030,1
4294967279,30
4294967279,19
4294967278,277
5028,6
5028,5
5028,4
5028,3
5028,2
5028,1
4294967279,541
4294967278,273
4294967279,265
4294967294,528
4294967294,998
4294967294,391
4294967278,361
4294967278,285
4294967278,261
4294967279,370
4294967278,123
4294967279,537
4294967278,247
4294967278,245
4294967278,2
4294967279,519
4294967278,325
5025,6
5025,5
4294967279,514
5025,4
5025,3
5025,2
5025,1
4294967279,512
4294967278,113
4294967278,239
4294967279,247
4294967278,244
4294967279,239
4294967279,310
4294967279,223
4294967279,221
4294967278,102
4294967279,211
5022,6
5022,5
5022,4
5022,2
5022,1
4294967278,97
4294967279,308
4294967279,207
4294967278,412
4294967279,307
4294967279,199
4294967294,115
4294967278,196
5019,4
5019,3
5019,2
5019,1
4294967279,301
4294967278,193
5018,4
5018,3
5018,2
5018,1
4294967278,76
4294967278,73
4294967279,75
4294967279,188
5017,6
4294967294,1416
4294967294,400
4294967294,178
4294967294,167
4294967294,413
4294967294,164
4294967279,72
5017,5
5017,4
5017,3
5017,2
5017,1
4294967278,235
4294967278,177
5016,5
5016,4
5016,3
5016,2
5016,1
4294967279,173
4294967278,266
4294967279,170
5015,4
5015,3
5015,2
5015,1
4294967278,229
4294967294,1093
4294967294,1006
4294967279,350
4294967294,388
4294967278,380
4294967278,437
4294967294,68
4294967294,11
4294967279,354
4294967278,127
4294967278,126
4294967278,125
4294967278,124
4294967278,122
4294967278,120
4294967278,119
4294967278,114
4294967278,111
4294967278,110
4294967278,109
4294967278,108
4294967278,107
4294967278,106
4294967278,104
4294967278,101
4294967278,100
4294967278,96
4294967278,95
4294967278,94
4294967278,92
4294967278,91
4294967278,90
4294967278,84
4294967278,83
4294967278,82
4294967278,81
4294967278,79
4294967278,75
4294967278,74
4294967278,72
4294967278,70
4294967278,69
4294967278,68
4294967278,67
4294967278,286
4294967278,302
4294967278,65
4294967279,365
4294967279,545
4294967279,81
4294967279,80
4294967279,71
4294967279,70
4294967279,69
4294967279,68
4294967279,66
4294967279,59
4294967279,174
4294967279,49
4294967279,46
4294967279,45
4294967279,41
4294967279,356
4294967279,40
4294967279,35
4294967279,290
4294967279,33
4294967279,32
4294967279,31
4294967279,561
4294967279,551
4294967279,22
4294967279,21
4294967279,20
4294967279,17
4294967279,9
4294967279,8
4294967279,6
4294967279,5
4294967279,38
4294967279,37
4294967279,36
4294967278,383
4294967278,133
4294967279,18
4294967279,282
4294967279,16
4294967279,15
4294967279,12
5014,6
5014,5
5014,4
5014,2
5014,1
4294967278,121
4294967278,393
4294967279,515
4294967279,299
4294967279,305
4294967278,116
4294967279,237
4294967278,215
4294967278,236
4294967278,112
5011,6
5011,5
5011,4
5011,2
5011,1
4294967278,105
4294967279,209
4294967279,556
4294967279,215
4294967279,212
4294967279,205
4294967279,348
4294967279,304
5008,5
5008,4
5008,3
5008,2
5008,1
4294967294,1421
4294967278,188
4294967278,187
4294967294,406
4294967294,465
4294967278,186
4294967278,180
5006,6
5006,5
5006,4
4294967278,181
5006,3
5006,2
5006,1
4294967279,242
4294967278,428
4294967278,401
4294967279,358
4294967279,513
4294967278,413
4294967279,163
4294967279,162
4294967279,158
5003,6
4294967279,157
5003,5
5003,4
4294967279,155
5003,3
5003,2
5003,1
4294967278,319
4294967294,162
4294967278,150
4294967279,144
4294967279,146
4294967279,143
4294967278,326
4294967278,136
4294967279,134
5000,6
5000,5
5000,4
5000,2
5000,1
4294967279,264
4294967279,261
4294967278,265
4997,4
4997,3
4997,2
4997,1
4996,4
4996,3
4996,2
4996,1
4294967278,132
4294967278,131
4294967278,129
4294967278,118
4294967278,117
4294967278,390
4294967278,77
4294967278,66
4294967278,263
4294967278,256
4294967278,322
4294967278,435
4294967278,446
4294967279,533
4294967279,564
4294967279,77
4294967279,55
4294967279,53
4294967279,44
4294967279,43
4294967279,42
4294967279,39
4294967279,34
4294967279,28
4294967279,27
4294967279,25
4294967279,14
4294967279,13
4294967279,11
4294967279,4
4294967278,328
4294967278,254
4294967278,318
4294967278,323
4995,6
4294967279,249
4294967278,317
4995,5
4294967294,387
4995,4
4995,3
4995,2
4995,1
4294967278,115
4294967279,332
4994,5
4294967279,235
4994,4
4994,3
4994,2
4994,1
4294967294,99
4294967294,76
4993,4
4993,3
4993,2
4993,1
4294967278,444
4294967278,259
4294967279,529
4294967278,346
4294967294,999
4294967294,385
4294967294,469
4294967294,407
4294967294,423
4294967294,114
4294967294,418
4294967279,539
4294967294,107
4294967294,50
4294967294,91
4294967294,86
4294967294,85
4294967294,1174
4294967294,1173
4294967294,1017
4294967294,495
4294967294,1018
4294967294,52
4294967294,1418
4294967294,426
4294967294,40
4294967294,41
4294967294,38
4294967294,37
4294967294,43
4294967294,51
4294967294,9
4294967279,206
4294967294,1100
4294967294,82
4294967294,1415
4294967294,83
4294967294,81
4294967294,92
4294967294,88
4294967278,93
4294967278,442
4294967279,196
4294967278,195
4294967279,294
4294967279,293
4294967279,543
4992,6
4992,5
4992,4
4992,2
4992,1
4294967279,289
4294967278,405
4989,6
4294967278,147
4989,5
4989,4
4989,2
4989,1
4294967279,142
4294967279,141
4294967279,136
4294967279,271
4294967279,270
4294967278,288
4294967278,267
4986,5
4986,4
4986,3
4986,2
4986,1
4984,6
4984,5
4984,4
4984,3
4984,2
4984,1
4294967279,286
4294967278,371
4294967279,312
4294967278,237
4981,6
4981,5
4981,4
4981,3
4981,2
4981,1
4294967279,285
4294967279,202
4294967294,1091
4294967279,193
4294967278,190
4294967279,187
4978,6
4294967279,189
4978,5
4978,4
4978,2
4978,1
4294967279,178
4294967278,173
4294967279,172
4975,4
4975,3
4975,2
4975,1
4974,4
4974,3
4974,2
4974,1
4294967278,165
4294967278,362
4294967278,174
4294967278,429
4294967278,320
4294967278,330
4294967279,340
4294967279,339
4294967294,467
4294967278,316
4973,6
4294967278,160
4973,5
4973,4
4973,3
4973,2
4973,1
4294967278,384
4294967294,492
4294967279,284
4972,5
4294967278,151
4972,4
4972,3
4972,2
4972,1
4294967278,146
4971,4
4971,3
4971,2
4971,1
4294967278,227
4294967278,398
4294967279,281
4294967279,276
4294967278,219
4294967278,276
4294967278,425
4294967279,526
4294967279,275
4294967279,258
4294967278,315
4294967279,518
4294967279,324
4970,6
4970,5
4970,4
4970,2
4970,1
4294967279,274
4294967279,273
4294967279,227
4294967278,218
4294967294,183
4294967294,461
4294967294,184
4294967294,119
4294967294,108
4294967279,303
4967,6
4294967279,204
4967,5
4967,4
4967,2
4967,1
4294967279,296
4294967294,997
4294967278,199
4294967279,198
4294967278,197
4294967279,195
4294967278,194
4294967278,192
4294967278,189
4294967279,184
4294967278,182
4964,5
4964,4
4964,3
4964,2
4964,1
4294967279,175
4294967279,169
4294967279,266
4294967279,167
4962,6
4962,5
4962,4
4962,3
4962,2
4962,1
4294967279,154
4294967279,150
4294967279,331
4294967279,148
4294967278,313
4294967278,144
4294967279,298
4294967278,142
4294967279,272
4959,6
4294967279,139
4959,5
4959,4
4959,3
4959,2
4959,1
4294967279,251
4294967279,133
4294967278,287
4294967278,268
4294967279,263
4294967294,1090
4294967294,1001
4294967279,325
4294967278,312
4294967278,343
4294967278,351
4294967279,523
4294967278,264
4294967279,257
4294967279,255
4294967279,253
4956,6
4956,5
4956,4
4956,2
4956,1
4294967279,245
4953,4
4953,3
4953,2
4953,1
4294967278,234
4294967279,233
4294967278,232
4952,4
4294967279,231
4952,3
4952,2
4952,1
4294967278,230
4294967294,397
4294967294,412
4294967294,1004
4294967294,191
4294967294,466
4294967294,109
4294967294,189
4294967279,229
4951,6
4294967279,219
4951,5
4951,4
4951,3
4951,2
4951,1
4950,5
4950,4
4950,3
4950,2
4950,1
4294967278,291
4294967278,204
4949,4
4949,3
4949,2
4949,1
4294967279,201
4294967294,1094
4294967294,1420
4294967279,317
4294967279,323
4294967279,322
4294967278,360
4294967294,1423
4294967278,372
4294967278,406
4294967278,404
4294967278,417
4294967278,251
4294967278,416
4294967278,0
4294967279,330
4294967279,327
4294967279,571
4294967279,260
4294967279,0
4294967279,520
4294967279,29
4294967279,23
4294967279,7
4294967278,168
4294967279,355
4294967279,574
4294967278,159
4294967279,374
4294967279,570
4948,6
4948,5
4948,4
4948,2
4948,1
4294967279,569
4294967278,252
4294967279,568
4294967278,309
4294967279,567
4294967279,566
4945,6
4945,5
4945,4
4945,2
4945,1
4294967279,516
4294967294,175
4294967294,190
4294967278,238
4942,5
4942,4
4942,3
4942,2
4942,1
4294967278,220
4294967278,335
4294967278,213
4940,6
4940,5
4940,4
4940,3
4940,2
4940,1
4294967279,318
4294967278,203
4294967278,202
4294967278,395
4294967278,308
4937,6
4937,5
4937,4
4937,3
4937,2
4937,1
4294967278,385
4294967278,307
4294967279,181
4294967294,419
4294967294,1088
4294967279,161
4934,6
4934,5
4934,4
4934,2
4934,1
4294967279,149
4294967278,149
4931,4
4931,3
4931,2
4931,1
4930,4
4294967278,141
4930,3
4930,2
4930,1
4929,6
4294967294,405
4294967294,414
4294967294,180
4294967294,411
4294967294,118
4294967278,135
4294967279,560
4929,5
4929,4
4929,3
4929,2
4929,1
4294967279,283
4928,5
4928,4
4928,3
4928,2
4928,1
4294967279,559
4927,4
4927,3
4927,2
4927,1
4294967278,306
4294967279,302
4294967278,241
4294967279,378
4294967279,287
4294967279,259
4294967279,535
4294967279,321
4294967279,360
4294967279,380
4294967279,379
4294967278,305
4294967278,304
4926,6
4926,5
4926,4
4926,2
4926,1
4294967279,555
4923,6
4923,5
4923,4
4923,2
4923,1
4294967279,553
4294967294,1013
4294967294,417
4294967294,111
4294967279,145
4920,5
4920,4
4920,3
4920,2
4920,1
4294967279,297
4294967279,337
4918,6
4918,5
4918,4
4918,3
4918,2
4918,1
4294967278,298
4294967279,262
4294967279,565
4915,6
4915,5
4915,4
4915,3
4915,2
4915,1
4294967279,352
4294967279,549
4294967279,346
4294967294,182
4294967294,996
4294967279,361
4912,6
4294967278,211
4912,5
4912,4
4912,2
4912,1
4909,4
4909,3
4909,2
4909,1
4294967279,192
4908,4
4908,3
4908,2
4908,1
4294967279,382
4907,6
4907,5
4907,4
4907,3
4907,2
4907,1
4906,5
4906,4
4906,3
4906,2
4906,1
4905,4
4905,3
4905,2
4905,1
4294967279,546
4294967294,436
4294967278,409
4294967294,408
4294967294,398
4294967294,160
4294967294,458
4294967279,544
3232,4
3232,5
4294967279,309
3229,2
3229,6
3229,5
3229,4
3218,6
3218,5
3218,4
3214,4
3215,4
3212,4
4294967278,386
4294967279,542
4294967278,260
4294967279,216
4294967279,306
4294967278,221
4294967279,135
4294967279,572
4294967278,349
4904,6
4904,5
4904,4
4904,2
4904,1
4294967279,240
4294967278,243
4294967278,240
4294967279,236
4294967278,228
4294967278,332
4294967279,217
4901,6
4901,5
4901,4
4294967278,214
4901,2
4901,1
4294967279,547
4294967279,208
4294967278,207
4294967278,206
4294967278,205
4294967278,201
4294967278,200
4294967294,389
4294967294,120
4294967279,200
4294967279,536
4294967278,191
4898,5
4898,4
4898,3
4898,2
4898,1
4294967278,185
4294967294,995
4294967279,183
4294967279,182
4896,6
4896,5
4294967278,176
4896,4
4294967279,176
4896,3
4896,2
4896,1
4294967278,175
4294967294,493
4294967278,170
4294967278,169
4294967279,168
4294967294,89
4294967294,1000
4294967294,185
4294967294,1175
4294967278,161
4294967294,494
4294967279,368
4893,6
4893,5
4893,4
4893,3
4893,2
4893,1
4294967278,344
4890,6
4890,5
4890,4
4890,2
4890,1
4294967279,532
4887,4
4887,3
4887,2
4887,1
4886,4
4886,3
4886,2
4886,1
4294967278,242
4294967294,455
4885,6
4885,5
4885,4
4885,3
4885,2
4885,1
4884,5
4294967294,161
4294967294,1089
4884,4
4884,3
4884,2
4884,1
4883,4
4883,3
4883,2
4883,1
4294967279,214
4294967279,320
4882,6
4882,5
4882,4
4882,2
4882,1
4294967279,552
4879,6
4879,5
4879,4
4879,2
4879,1
4294967294,401
4876,5
4876,4
4876,3
